LAD19CD,Subsistence Only,Dispersed Accommodation,People receiving Section 95 support,Sec95_q
E07000170,3,0,3,2
E07000171,1,0,1,1
E07000136,2,0,2,1
E07000172,9,40,49,4
E07000130,12,0,12,3
E07000034,5,0,5,2
E06000015,31,761,792,5
E07000152,0,5,5,2
E07000173,4,5,9,3
E07000037,1,1,2,1
E07000153,11,0,11,3
E06000016,56,730,786,5
E07000138,2,0,2,1
E07000154,8,0,8,3
E06000018,34,798,832,5
E07000135,4,42,46,3
E07000140,1,0,1,1
E07000156,8,0,8,3
E07000142,1,0,1,1
E07000066,2,56,58,4
E06000055,8,0,8,3
E07000143,2,0,2,1
E07000068,0,3,3,2
E07000144,0,8,8,3
E07000095,13,4,17,3
E07000008,6,0,6,2
E06000056,1,10,11,3
E07000070,3,0,3,2
E07000071,5,0,5,2
E07000096,3,1,4,2
E07000009,2,0,2,1
E07000244,5,3,8,3
E07000072,12,6,18,3
E07000010,1,0,1,1
E07000145,1,0,1,1
E07000073,7,25,32,3
E07000098,12,3,15,3
E07000202,11,54,65,4
E07000146,1,0,1,1
E06000032,66,125,191,4
E07000074,2,0,2,1
E07000099,1,0,1,1
E07000148,14,95,109,4
E06000031,14,165,179,4
E07000075,0,4,4,2
E07000149,2,0,2,1
E06000033,12,54,66,4
E07000240,6,5,11,3
E07000243,2,0,2,1
E07000076,2,0,2,1
E06000034,33,140,173,4
E07000103,13,0,13,3
E07000241,6,10,16,3
E07000245,0,1,1,1
E09000002,81,658,739,5
E09000003,132,26,158,4
E09000004,32,73,105,4
E09000005,178,58,236,4
E09000006,7,34,41,3
E09000007,27,6,33,3
E09000008,67,178,245,4
E09000009,130,376,506,5
E09000010,198,207,405,5
E09000011,67,189,256,4
E09000012,33,15,48,3
E09000013,20,1,21,3
E09000014,98,126,224,4
E09000015,42,96,138,4
E09000016,43,288,331,5
E09000017,64,482,546,5
E09000018,70,364,434,5
E09000019,40,0,40,3
E09000020,12,0,12,3
E09000021,35,0,35,3
E09000022,35,22,57,4
E09000023,54,23,77,4
E09000024,44,37,81,4
E09000025,110,732,842,5
E09000026,95,486,581,5
E09000027,18,6,24,3
E09000028,72,200,272,5
E09000029,18,5,23,3
E09000030,41,15,56,4
E09000031,106,138,244,4
E09000032,25,6,31,3
E09000033,35,1,36,3
E06000047,1,1,2,1
E06000005,0,151,151,4
E08000037,18,597,615,5
E06000001,8,310,318,5
E06000002,28,526,554,5
E08000021,54,866,920,5
E08000022,4,253,257,5
E06000057,0,231,231,4
E06000003,1,110,111,4
E08000023,9,318,327,5
E06000004,22,602,624,5
E08000024,9,351,360,5
E06000008,12,286,298,5
E06000009,2,0,2,1
E08000001,36,844,880,5
E07000117,3,62,65,4
E08000002,7,400,407,5
E06000049,1,38,39,3
E06000050,1,121,122,4
E07000118,1,36,37,3
E07000029,1,0,1,1
E07000119,0,20,20,3
E06000006,4,191,195,4
E07000120,1,45,46,3
E08000011,0,131,131,4
E07000121,0,120,120,4
E08000012,53,1378,1431,5
E08000003,156,742,898,5
E08000004,26,652,678,5
E07000122,5,51,56,4
E07000123,18,161,179,4
E07000124,0,10,10,3
E08000005,14,793,807,5
E07000125,4,86,90,4
E08000006,36,713,749,5
E08000014,5,162,167,4
E07000031,1,0,1,1
E07000126,0,71,71,4
E08000013,2,166,168,4
E08000007,11,133,144,4
E08000008,9,492,501,5
E08000009,17,74,91,4
E06000007,2,21,23,3
E07000127,0,106,106,4
E08000010,11,829,840,5
E08000015,1,203,204,4
E07000128,0,15,15,3
N09000001,3,3,6,2
N09000003,14,835,849,5
N09000007,1,0,1,1
N09000010,1,0,1,1
S12000041,1,0,1,1
S12000036,16,4,20,3
S12000042,2,0,2,1
S12000008,2,0,2,1
S12000010,1,0,1,1
S12000011,1,0,1,1
S12000014,3,0,3,2
S12000047,1,1,2,1
S12000049,63,3807,3870,5
S12000019,1,0,1,1
S12000050,7,0,7,2
S12000048,3,0,3,2
S12000038,6,0,6,2
S12000028,1,0,1,1
S12000029,5,0,5,2
E07000223,1,0,1,1
E07000224,2,0,2,1
E07000105,4,0,4,2
E06000060,3,34,37,3
E06000036,5,0,5,2
E06000043,38,28,66,4
E07000106,1,0,1,1
E07000177,4,0,4,2
E07000225,5,9,14,3
E07000226,3,0,3,2
E07000107,6,0,6,2
E07000108,1,0,1,1
E07000061,3,0,3,2
E07000086,7,0,7,2
E07000207,4,1,5,2
E07000208,0,4,4,2
E07000087,0,10,10,3
E07000112,3,8,11,3
E07000088,1,0,1,1
E07000109,7,9,16,3
E07000209,3,0,3,2
E07000089,2,0,2,1
E07000062,1,80,81,4
E07000090,0,3,3,2
E07000227,1,0,1,1
E07000110,3,0,3,2
E06000035,9,2,11,3
E07000228,1,0,1,1
E06000042,8,0,8,3
E07000210,1,0,1,1
E07000178,20,1,21,3
E06000044,24,210,234,4
E06000038,20,12,32,3
E07000064,0,2,2,1
E07000092,2,0,2,1
E07000111,1,0,1,1
E06000039,34,35,69,4
E07000179,1,0,1,1
E06000045,12,144,156,4
E07000213,3,9,12,3
E07000214,2,0,2,1
E07000113,5,0,5,2
E07000215,2,0,2,1
E07000114,2,1,3,2
E07000116,1,0,1,1
E07000180,1,0,1,1
E06000040,3,0,3,2
E07000217,1,0,1,1
E06000041,4,0,4,2
E06000022,1,0,1,1
E06000058,10,0,10,3
E06000023,24,223,247,4
E07000078,4,18,22,3
E06000052,5,0,5,2
E07000040,1,0,1,1
E07000041,1,0,1,1
E07000081,7,94,101,4
E06000024,5,0,5,2
E06000026,17,258,275,5
E06000025,5,70,75,4
E07000189,2,0,2,1
E06000030,22,179,201,4
E07000083,2,0,2,1
E07000047,3,0,3,2
E06000054,2,3,5,2
N/A,76,40,116,4
W06000018,1,0,1,1
W06000015,45,1373,1418,5
W06000003,0,6,6,2
W06000024,2,0,2,1
W06000012,1,0,1,1
W06000022,24,417,441,5
W06000016,2,0,2,1
W06000011,17,815,832,5
W06000014,2,1,3,2
W06000006,0,123,123,4
E08000025,128,1490,1618,5
E07000234,0,9,9,3
E08000026,38,752,790,5
E08000027,8,267,275,5
E07000193,8,0,8,3
E07000195,4,0,4,2
E07000219,1,0,1,1
E07000236,5,0,5,2
E07000220,5,0,5,2
E08000028,27,912,939,5
E07000197,2,0,2,1
E07000198,1,0,1,1
E06000021,40,880,920,5
E06000020,8,0,8,3
E08000030,24,445,469,5
E07000222,1,0,1,1
E08000031,29,789,818,5
E07000239,2,0,2,1
E08000016,9,372,381,5
E08000032,44,1046,1090,5
E08000033,5,339,344,5
E08000017,6,249,255,4
E06000010,16,451,467,5
E08000034,20,709,729,5
E08000035,48,798,846,5
E06000012,11,58,69,4
E06000013,3,0,3,2
E08000018,4,387,391,5
E08000019,47,819,866,5
E08000036,18,186,204,4
E06000014,0,2,2,1
