LAD19CD,Dispersed Accommodation,Subsistence Only,People receiving Section 95 support,Sec95_q
E06000001,271,12,283,4
E08000019,819,32,851,5
E09000011,173,35,208,4
E08000008,509,10,519,5
E08000002,401,4,405,5
E09000002,650,56,706,5
E08000003,787,102,889,5
E08000036,323,7,330,5
E08000014,168,0,168,4
E08000025,1369,99,1468,5
E09000025,707,64,771,5
E09000019,5,26,31,3
E06000008,309,8,317,4
W06000015,1206,32,1238,5
S12000049,3741,43,3784,5
E08000033,329,7,336,5
E08000035,819,30,849,5
E08000010,834,10,844,5
E09000016,282,19,301,4
E08000034,729,9,738,5
E07000125,97,0,97,4
E06000010,485,12,497,5
E08000032,1133,35,1168,5
E09000017,460,49,509,5
E08000006,742,19,761,5
E07000078,15,3,18,3
E07000225,9,5,14,3
E06000049,38,0,38,3
E08000021,931,39,970,5
E06000015,688,25,713,5
E06000057,164,0,164,4
E08000004,636,21,657,5
E06000016,726,43,769,5
E08000005,824,14,838,5
E06000034,98,16,114,4
E09000026,527,59,586,5
E08000001,891,26,917,5
E08000037,686,19,705,5
E08000012,1450,26,1476,5
E08000018,414,4,418,5
E09000014,126,55,181,4
E06000003,113,0,113,4
E06000012,71,9,80,3
W06000022,441,12,453,5
E08000028,885,19,904,5
E09000009,396,79,475,5
E09000023,29,33,62,3
E09000015,88,30,118,4
E09000006,22,3,25,3
E08000030,390,19,409,5
E07000066,58,3,61,3
E08000031,753,19,772,5
E08000026,487,26,513,5
E06000005,86,0,86,4
E06000004,706,26,732,5
E06000021,892,28,920,5
E06000018,823,18,841,5
E07000148,101,8,109,4
W06000011,785,15,800,5
E06000026,269,11,280,4
E08000024,352,20,372,5
E06000032,84,40,124,4
E07000123,180,10,190,4
E09000031,153,65,218,4
E06000039,26,22,48,3
E08000016,411,7,418,5
E09000028,37,27,64,3
E08000023,234,7,241,4
E09000008,167,43,210,4
N09000003,879,8,887,5
E08000022,255,4,259,4
E06000023,196,18,214,4
E08000011,154,2,156,4
E06000044,209,20,229,4
E06000002,517,27,544,5
E08000027,232,6,238,4
E07000172,33,5,38,3
E09000010,162,116,278,4
E09000012,12,32,44,3
E07000202,58,4,62,3
E07000127,95,0,95,4
E06000050,99,0,99,4
N/A,115,106,221,4
E06000006,140,1,141,4
E06000043,20,26,46,3
E07000062,78,3,81,4
E07000081,88,9,97,4
E09000003,26,92,118,4
E07000103,0,4,4,2
E06000040,0,3,3,2
E08000017,310,9,319,4
E06000056,13,2,15,3
E09000018,318,57,375,5
E07000006,10,1,11,3
E07000121,131,0,131,4
E08000013,185,0,185,4
W06000006,126,5,131,4
E07000126,62,0,62,3
E07000135,52,3,55,3
E07000061,0,3,3,2
E06000045,119,6,125,4
E07000118,38,2,40,3
E08000015,192,2,194,4
E06000058,0,7,7,2
E07000209,0,6,6,2
E09000027,0,14,14,3
E08000007,140,6,146,4
E07000083,0,2,2,1
E09000004,63,17,80,3
E06000007,20,1,21,3
E09000022,15,18,33,3
E07000087,8,0,8,2
E07000105,0,2,2,1
E06000031,165,8,173,4
E07000170,0,3,3,2
E07000122,44,5,49,3
E09000005,55,90,145,4
E07000119,15,0,15,3
E07000213,10,1,11,3
E06000030,169,10,179,4
E07000193,0,1,1,1
S12000019,0,2,2,1
E07000120,33,1,34,3
W06000016,0,1,1,1
E09000020,0,4,4,2
E09000013,2,10,12,3
E07000098,2,5,7,2
E09000024,37,21,58,3
E09000029,4,9,13,3
E06000025,61,4,65,3
E07000117,54,2,56,3
E07000178,0,10,10,2
E06000042,0,6,6,2
E07000124,21,0,21,3
E09000033,1,19,20,3
E09000021,0,28,28,3
E09000032,3,22,25,3
E07000130,0,7,7,2
E08000009,75,7,82,4
E06000033,48,1,49,3
W06000014,1,2,3,2
E07000153,0,2,2,1
E07000227,0,3,3,2
E07000107,0,3,3,2
E07000072,3,7,10,2
E07000073,18,1,19,3
E07000037,0,1,1,1
E07000208,0,1,1,1
E07000099,0,1,1,1
E06000011,1,0,1,1
E07000132,0,2,2,1
E06000038,2,7,9,2
E09000030,4,23,27,3
E09000007,0,17,17,3
E06000035,2,5,7,2
E07000113,0,6,6,2
S12000036,4,16,20,3
E07000109,8,6,14,3
E07000241,9,0,9,2
E06000055,1,5,6,2
E07000223,0,6,6,2
E07000128,17,5,22,3
S12000048,0,3,3,2
E07000033,0,3,3,2
E07000156,0,13,13,3
E07000007,16,7,23,3
E06000020,0,4,4,2
E07000236,0,5,5,2
E07000075,0,2,2,1
E07000095,4,3,7,2
E07000216,0,4,4,2
E07000047,0,3,3,2
E07000032,0,1,1,1
E07000008,0,4,4,2
E07000240,5,5,10,2
E06000052,0,5,5,2
E07000244,4,4,8,2
E07000144,5,0,5,2
S12000042,0,3,3,2
E07000224,0,2,2,1
E07000106,0,1,1,1
E07000138,0,1,1,1
E07000171,0,1,1,1
E07000152,3,0,3,2
E07000112,4,4,8,2
E07000092,0,2,2,1
E07000136,0,1,1,1
E07000116,0,1,1,1
E07000034,0,5,5,2
E07000090,3,0,3,2
S12000008,0,2,2,1
E07000243,0,1,1,1
E06000041,0,1,1,1
E07000173,4,0,4,2
E07000228,0,1,1,1
E07000114,1,1,2,1
E07000039,0,2,2,1
E07000071,0,5,5,2
S12000028,0,1,1,1
E07000210,0,3,3,2
E07000036,0,1,1,1
E06000027,0,1,1,1
E06000047,1,0,1,1
E06000054,1,0,1,1
E07000040,0,1,1,1
S12000050,0,3,3,2
E07000165,0,1,1,1
E07000207,0,2,2,1
E06000017,0,1,1,1
E07000219,0,1,1,1
E07000131,0,2,2,1
E07000154,0,5,5,2
E07000149,0,1,1,1
E07000076,0,2,2,1
E07000217,0,1,1,1
E07000245,1,0,1,1
E07000179,1,0,1,1
E06000013,0,1,1,1
E07000198,0,1,1,1
